LWI implemented correctly
Output Data:
4
8
17
22
27
28
28
28
28
28
28
28
28
28
28
28
28
28
28
28
28
28
28
28
28
28
28
27
22
17
8
4
8
17
35
54
72
81
81
80
80
80
80
81
81
81
81
81
80
80
80
80
81
81
81
81
81
81
81
72
54
35
17
8
16
35
62
90
117
134
136
136
138
138
136
135
134
134
135
135
136
138
138
136
135
135
135
135
135
135
134
117
90
62
35
16
22
54
90
121
144
161
171
179
186
186
179
171
163
161
162
170
179
186
186
179
171
162
161
161
161
161
160
144
121
90
54
22
27
72
117
144
155
171
170
167
158
158
168
178
180
173
172
170
167
157
157
166
169
171
163
162
162
162
162
154
144
117
72
27
28
81
134
161
171
170
165
157
164
173
171
164
167
178
178
166
159
164
154
149
153
169
171
163
161
161
162
162
161
134
81
28
28
81
134
163
181
167
158
145
167
182
180
168
159
173
163
154
142
162
158
155
149
169
170
170
162
163
171
173
170
136
81
28
28
81
134
164
187
158
165
167
226
243
223
192
163
161
131
124
123
163
178
177
166
159
166
169
171
172
182
183
172
135
81
28
28
81
134
164
188
157
174
183
244
254
249
236
206
184
151
152
155
173
179
176
168
147
160
167
180
174
181
182
170
135
81
28
28
81
134
164
188
157
174
183
244
254
254
253
242
219
196
185
184
182
179
173
165
136
139
154
178
182
174
173
164
135
81
28
28
81
134
164
187
158
166
173
234
253
254
253
251
236
221
208
207
202
182
158
146
127
120
139
166
190
183
189
180
144
81
28
28
81
134
163
181
166
157
158
203
241
251
238
222
200
188
178
178
178
176
170
156
131
99
131
157
199
186
192
182
145
81
28
28
81
134
163
180
167
139
120
153
207
219
204
179
155
145
138
148
138
137
145
164
151
122
142
165
207
194
198
182
144
81
28
28
81
135
170
171
164
136
122
129
173
175
169
139
127
129
135
156
135
131
141
168
164
141
162
173
200
186
183
172
136
81
28
28
80
136
179
167
158
143
154
160
182
155
150
123
120
121
127
157
127
122
132
170
171
152
154
166
188
191
182
171
135
81
28
28
80
137
187
158
161
163
213
216
216
183
159
120
109
119
133
154
133
130
132
145
137
127
126
154
168
189
175
170
135
81
28
28
80
137
186
158
162
169
230
251
250
219
177
138
117
117
115
124
114
112
113
122
124
133
126
143
155
177
173
162
135
81
28
28
80
136
180
167
156
158
203
242
253
241
209
181
158
154
148
150
151
151
150
151
154
171
167
154
157
166
180
162
134
81
28
28
80
137
179
168
140
121
152
205
239
242
234
226
193
159
142
161
183
184
185
196
209
226
210
159
156
157
187
164
134
81
28
28
81
144
171
171
145
121
117
142
186
219
241
251
226
181
155
157
177
182
204
228
250
251
214
169
157
166
181
163
134
81
28
27
83
152
165
157
143
123
123
126
160
184
205
235
225
186
141
117
117
140
185
230
253
244
193
168
156
177
172
162
135
81
28
29
91
150
142
125
124
124
135
132
160
156
159
182
206
209
174
133
112
135
182
223
234
209
170
167
167
179
164
161
135
81
28
45
98
146
140
138
146
145
154
167
185
173
137
132
143
168
158
138
118
136
159
176
170
164
160
170
170
171
163
161
135
81
28
63
103
147
148
169
184
179
158
170
186
184
128
94
102
135
147
148
135
122
112
109
120
137
164
171
170
163
162
161
135
81
28
77
102
153
163
221
248
240
181
174
157
179
132
104
107
127
142
134
114
88
72
72
96
138
167
178
164
161
162
161
135
81
28
63
104
147
166
210
248
249
186
157
129
160
152
132
150
171
202
195
175
145
111
107
129
155
170
171
170
163
162
161
135
81
28
47
105
137
158
179
229
237
177
129
108
160
183
163
170
194
236
231
223
203
158
142
146
174
172
173
170
170
163
160
134
81
28
30
91
131
148
144
165
175
146
110
126
180
200
160
158
197
249
253
252
243
180
141
141
184
194
172
170
169
162
145
117
72
27
23
64
108
134
128
133
141
155
142
166
190
180
128
136
195
250
254
254
250
196
139
119
169
201
195
168
170
153
131
91
54
22
16
37
81
123
123
122
128
179
192
200
183
159
108
130
181
245
254
254
252
217
150
117
150
210
214
172
163
140
117
65
35
16
8
17
39
83
113
137
157
198
222
201
173
160
129
143
171
235
254
254
253
239
173
135
148
203
208
166
145
114
82
38
17
8
4
8
18
41
70
90
108
128
152
131
113
110
100
105
110
152
169
169
169
165
123
105
109
140
131
107
89
69
41
18
8
4
